#############################################
gm = 9.996332085905377e-06
W = 2.1230319979340907e-06
################ Parameters #################
ids = -5.571408741045702e-07

vgs = -2.500000000000000e-01

vds = -2.500000000000000e-01

vbs = -0.000000000000000e+00

vgd = 0.000000000000000e+00

vdb = -2.500000000000000e-01

vgb = -2.500000000000000e-01

vth = -2.372090121734161e-01

vdsat = -8.428630472219241e-02

gm = 9.996332085905377e-06

gds = 2.385640038887236e-07

gmbs = 1.606057138481651e-06

betaeff = 2.548950275201476e-04

cjd = 1.885443353175748e-15

cjs = 2.141485291414646e-15

cgg = 9.410316171998140e-15

cgd = -7.959518307676414e-16

cgs = -7.879736195548749e-15

cgb = -7.346281456817493e-16

cdg = -9.256603190734900e-16

cdd = 8.928409863431104e-16

cds = 4.378352806976331e-17

cdb = -1.096419533938366e-17

csg = -6.943074697735946e-15

csd = -9.115130768306108e-17

css = 8.019930363417360e-15

csb = -9.857043579983526e-16

cbg = -1.541581155188704e-15

cbd = -5.737847892407851e-18

cbs = -1.839776959383741e-16

cbb = 1.731296699019486e-15

covlgs = 9.087620331465630e-16

covlgd = 8.578393912516713e-16

covlgb = 0.000000000000000e+00

cggbo = 7.643714747599906e-15

cgdbo = 6.188756048402979e-17

cgsbo = -6.970974162402187e-15

cbgbo = -1.541581155188704e-15

cbdbo = -5.737847892407851e-18

cbsbo = -1.839776959383742e-16

cdgbo = -6.782092782181878e-17

cddbo = 3.500159509143913e-17

cdsbo = 4.378352806976331e-17

ron = 4.487195458451991e+05

id = -5.571408748209263e-07

ig = NaN

is = NaN

ib = NaN

ibulk = 7.164483212033292e-16

pwr = 1.392852187052316e-07

gmoverid = 1.794219837482101e+01

ueff = 1.353586255560443e-02

rdeff = 6.706162273382861e+01

rseff = 6.706162273382861e+01

rgbd = 0.000000000000000e+00

igidl = -0.000000000000000e+00

igisl = -0.000000000000000e+00

igdt = -0.000000000000000e+00

igd = -0.000000000000000e+00

igs = -0.000000000000000e+00

igb = -0.000000000000000e+00

igbacc = -0.000000000000000e+00

igbinv = -0.000000000000000e+00

igcs = -0.000000000000000e+00

igcd = -0.000000000000000e+00

isub = 2.246886203859723e-23

gbs = 1.002469069026819e-12

gbd = 1.003487711729038e-12

qg = -3.401696620085825e-15

qd = 1.494558769064102e-17

qs = 6.196781837909437e-16

qb = 2.767072848604240e-15

qjd = 5.011676933201799e-16

qjs = 8.001239440869155e-20

qgdovl = -1.035127878886541e-17

qgsovl = -1.279729655404154e-16

qgi = -3.401696620085825e-15

qdi = 1.494558769064102e-17

qsi = 6.196781837909437e-16

qbi = 2.767072848604240e-15

ide = -5.571413747088383e-07

ige = -0.000000000000000e+00

ise = 5.571411239923901e-07

ibe = 2.507164483043899e-13

idb = 2.506789934004182e-13

isb = 3.745488150285778e-17

vsb = 0.000000000000000e+00

gmb = 1.606057138481651e-06

vgt = -1.279098782658394e-02

vth_drive = NaN

vdss = -8.428630472219241e-02

vsat_marg = 1.657136952778076e-01

vdsat_marg = NaN

self_gain = 4.190209722740942e+01

rout = 4.191747219611733e+06

beff = 6.810629197333723e-03

fug = 1.690661222408365e+08

ft = NaN

rgate = 0.000000000000000e+00

vearly = 2.335395808366432e+00

region = 2

reversed = 0

#############################################
