#############################################
ids = 9.987002594443548e-07
W = 1.0013014320796996e-06
################ Parameters #################
ids = 9.987002594443548e-07

vgs = 4.000000000000000e-01

vds = 4.000000000000000e-01

vbs = 0.000000000000000e+00

vgd = 0.000000000000000e+00

vdb = 4.000000000000000e-01

vgb = 4.000000000000000e-01

vth = 4.433985531506573e-01

vdsat = 5.856315269248792e-02

gm = 2.071697208860204e-05

gds = 3.017545626780687e-08

gmbs = 5.795604074954166e-06

betaeff = 1.244784094728556e-03

cjd = 6.210070336965122e-14

cjs = 7.158394381975024e-14

cgg = 5.342164116046065e-12

cgd = -3.118582622448310e-14

cgs = -3.821720941195466e-12

cgb = -1.489257348626116e-12

cdg = -4.463631119545347e-14

cdd = 3.455678244817611e-14

cds = 1.504077437019110e-14

cdb = -4.961245622913735e-15

csg = -3.907804582870561e-12

csd = -2.198811932013016e-15

css = 5.071557737858443e-12

csb = -1.161554343055869e-12

cbg = -1.389723221980052e-12

cbd = -1.172144291679987e-15

cbs = -1.264877571033167e-12

cbb = 2.655772937304899e-12

covlgs = 2.906527968547897e-14

covlgd = 2.796034665214169e-14

covlgb = 0.000000000000000e+00

cggbo = 5.285138489708445e-12

cgdbo = -3.225479572341415e-15

cgsbo = -3.792655661509988e-12

cbgbo = -1.389723221980052e-12

cbdbo = -1.172144291679987e-15

cbsbo = -1.264877571033167e-12

cdgbo = -1.667596454331179e-14

cddbo = 6.596435796034418e-15

cdsbo = 1.504077437019110e-14

ron = 4.005205728318798e+05

id = 9.987004865248923e-07

ig = NaN

is = NaN

ib = NaN

ibulk = -2.270809117139185e-13

pwr = 3.994801946099569e-07

gmoverid = 2.074393382067239e+01

ueff = 3.457033812473942e-02

rdeff = 1.262394672679228e+00

rseff = 1.262394672679228e+00

rgbd = 0.000000000000000e+00

igidl = 0.000000000000000e+00

igisl = 0.000000000000000e+00

igdt = 0.000000000000000e+00

igd = 0.000000000000000e+00

igs = 0.000000000000000e+00

igb = 0.000000000000000e+00

igbacc = 0.000000000000000e+00

igbinv = 0.000000000000000e+00

igcs = 0.000000000000000e+00

igcd = 0.000000000000000e+00

isub = 1.349375603628409e-21

gbs = 1.296661094846869e-12

gbd = 1.967611251445215e-12

qg = 4.718572382438140e-12

qd = -1.522441033334251e-15

qs = -3.574600636756068e-13

qb = -4.359589877729200e-12

qjd = -2.655068046465446e-14

qjs = -9.026560087089216e-20

qgdovl = 1.970395790939604e-16

qgsovl = 3.851934171856214e-15

qgi = 4.718572382438140e-12

qdi = -1.522441033334251e-15

qsi = -3.574600636756068e-13

qbi = -4.359589877729200e-12

ide = 9.987012865211094e-07

ige = -0.000000000000000e+00

ise = -9.987006594401978e-07

ibe = -6.270809117131416e-13

idb = 6.270792753068660e-13

isb = 1.635056900005148e-18

vsb = -0.000000000000000e+00

gmb = 5.795604074954166e-06

vgt = -4.339855315065727e-02

vth_drive = NaN

vdss = 5.856315269248792e-02

vsat_marg = 3.414368473075121e-01

vdsat_marg = NaN

self_gain = 6.865504171582071e+02

rout = 3.313951547658501e+07

beff = 1.060510818178544e-03

fug = 6.172046463144283e+05

ft = NaN

rgate = 0.000000000000000e+00

vearly = 3.309647674115166e+01

region = 3

reversed = 0

#############################################
