#############################################
gm = 1.002580414895437e-05
W = 8.322232447336743e-07
################ Parameters #################
ids = 4.487612531238708e-07

vgs = 4.000000000000000e-01

vds = 4.000000000000000e-01

vbs = 0.000000000000000e+00

vgd = 0.000000000000000e+00

vdb = 4.000000000000000e-01

vgb = 4.000000000000000e-01

vth = 5.188756172348600e-01

vdsat = 5.931290515848476e-02

gm = 1.002580414895437e-05

gds = 2.884271662505673e-07

gmbs = 1.545421875623841e-06

betaeff = 1.411330808155202e-03

cjd = 3.933201300988655e-16

cjs = 4.498055413877459e-16

cgg = 1.091131685232574e-15

cgd = -1.757839768091575e-16

cgs = -6.931731657489715e-16

cgb = -2.221745426744454e-16

cdg = -1.826240606647716e-16

cdd = 1.814451482310938e-16

cds = 1.476941731727275e-18

cdb = -2.980292980494263e-19

csg = -6.689234134703002e-16

csd = -6.089249771085712e-18

css = 7.532218826481937e-16

csb = -7.820921940680783e-17

cbg = -2.395842110975026e-16

cbd = 4.280783491494289e-19

cbs = -6.152565863094947e-17

cbb = 3.006817913793026e-16

covlgs = 1.817479021882492e-16

covlgd = 1.807649767895917e-16

covlgb = 0.000000000000000e+00

cggbo = 7.286188062547335e-16

cgdbo = 4.980999980434170e-18

cgsbo = -5.114252635607223e-16

cbgbo = -2.395842110975026e-16

cbdbo = 4.280783491494289e-19

cbsbo = -6.152565863094948e-17

cdgbo = -1.859083875179961e-18

cddbo = 6.801714415021125e-19

cdsbo = 1.476941731727275e-18

ron = 8.913425506671111e+05

id = 4.487612228923193e-07

ig = NaN

is = NaN

ib = NaN

ibulk = -1.094346035921030e-15

pwr = 1.795044891569277e-07

gmoverid = 2.234106460654474e+01

ueff = 2.361918102244362e-02

rdeff = 7.812919547299423e+01

rseff = 7.812919547299423e+01

rgbd = 0.000000000000000e+00

igidl = 0.000000000000000e+00

igisl = 0.000000000000000e+00

igdt = 8.580688080409145e-14

igd = 1.503009667415301e-19

igs = 2.260460822685035e-14

igb = 9.774426195570837e-16

igbacc = 9.774426195570837e-16

igbinv = 6.460373900946512e-33

igcs = 3.187637843723549e-14

igcd = 3.034830121948178e-14

isub = 1.275748085905938e-21

gbs = 1.000095075518363e-12

gbd = 1.000836368098897e-12

qg = 5.372083828392235e-16

qd = -3.208426235807848e-19

qs = -4.463032438434691e-17

qb = -4.922572158312957e-16

qjd = -1.675664920670327e-16

qjs = -1.577092331388631e-20

qgdovl = 1.755752266754434e-19

qgsovl = 3.427125071190685e-18

qgi = 5.372083828392235e-16

qdi = -3.208426235807848e-19

qsi = -4.463032438434691e-17

qbi = -4.922572158312957e-16

ide = 4.487620227871351e-07

ige = 8.580688080409145e-14

ise = -4.487617074996699e-07

ibe = -4.010943460112879e-13

idb = 4.000818373904604e-13

isb = 3.506472552230668e-17

vsb = -0.000000000000000e+00

gmb = 1.545421875623841e-06

vgt = -1.188756172348600e-01

vth_drive = NaN

vdss = 5.931290515848476e-02

vsat_marg = 3.406870948415153e-01

vdsat_marg = NaN

self_gain = 3.476026297829584e+01

rout = 3.467079793486801e+06

beff = 6.351269228340446e-05

fug = 1.462386539015415e+09

ft = NaN

rgate = 0.000000000000000e+00

vearly = 1.555893741289539e+00

region = 3

reversed = 0

#############################################
