#############################################
ids = -4.473914089006549e-07
W = 2.524031540295796e-06
################ Parameters #################
ids = -4.473914089006549e-07

vgs = -4.000000000000000e-01

vds = -4.000000000000000e-01

vbs = -0.000000000000000e+00

vgd = 0.000000000000000e+00

vdb = -4.000000000000000e-01

vgb = -4.000000000000000e-01

vth = -4.861184268283840e-01

vdsat = -5.093574166778948e-02

gm = 1.123147829443920e-05

gds = 2.156321022003412e-07

gmbs = 1.863439716369080e-06

betaeff = 1.702170792506162e-03

cjd = 9.661820707373383e-16

cjs = 1.216951153567711e-15

cgg = 2.659691896287569e-15

cgd = -5.583364417287705e-16

cgs = -1.576162660094992e-15

cgb = -5.251927944638069e-16

cdg = -5.625114254691879e-16

cdd = 5.603439949735942e-16

cds = 2.723062825012642e-18

cdb = -5.556323294188879e-19

csg = -1.473871257733320e-15

csd = -1.746689629678261e-18

css = 1.635186427235937e-15

csb = -1.595684798729391e-16

cbg = -6.233092130850617e-16

cbd = -2.608636151453634e-19

cbs = -6.174682996595786e-17

cbb = 6.853169066661649e-16

covlgs = 5.672271816907863e-16

covlgd = 5.593452846583538e-16

covlgb = 0.000000000000000e+00

cggbo = 1.533119429938429e-15

cgdbo = 1.008842929583232e-18

cgsbo = -1.008935478404206e-15

cbgbo = -6.233092130850617e-16

cbdbo = -2.608636151453634e-19

cbsbo = -6.174682996595784e-17

cdgbo = -3.166140810834147e-18

cddbo = 9.987103152403928e-19

cdsbo = 2.723062825012642e-18

ron = 8.940717055405544e+05

id = -4.473915801641799e-07

ig = NaN

is = NaN

ib = NaN

ibulk = 1.917048344135700e-13

pwr = 1.789566320656720e-07

gmoverid = 2.510436738612743e+01

ueff = 1.045647664238200e-02

rdeff = 3.022228605893657e+01

rseff = 3.022228605893657e+01

rgbd = 0.000000000000000e+00

igidl = -0.000000000000000e+00

igisl = -0.000000000000000e+00

igdt = -1.195477433250990e-13

igd = -5.075915367246654e-20

igs = -7.796261711141699e-14

igb = -1.442676535913899e-16

igbacc = -1.442676535913899e-16

igbinv = -7.856023103772672e-34

igcs = -2.116814708147361e-14

igcd = -2.027266071946337e-14

isub = 3.369473646014618e-22

gbs = 2.799248867170358e-12

gbd = 1.124302356507815e-12

qg = -1.121311729665665e-15

qd = 1.618414053960047e-18

qs = 9.039000149402300e-17

qb = 1.029303314117682e-15

qjd = 4.304550139776386e-16

qjs = 1.645473089546986e-20

qgdovl = -1.406408251691522e-18

qgsovl = -2.747880076178929e-17

qgi = -1.121311729665665e-15

qdi = 1.618414053960047e-18

qsi = 9.039000149402300e-17

qbi = 1.029303314117682e-15

ide = -4.473923801236163e-07

ige = -1.195477433250990e-13

ise = 4.473919079665253e-07

ibe = 5.917048343993003e-13

idb = 5.915227150209998e-13

isb = 3.785138776178985e-17

vsb = 0.000000000000000e+00

gmb = 1.863439716369080e-06

vgt = 8.611842682838394e-02

vth_drive = NaN

vdss = -5.093574166778948e-02

vsat_marg = 3.490642583322106e-01

vdsat_marg = NaN

self_gain = 5.208629967352527e+01

rout = 4.637528409711982e+06

beff = 1.206497435790805e-04

fug = 6.720873539090773e+08

ft = NaN

rgate = 0.000000000000000e+00

vearly = 2.074794873111933e+00

region = 3

reversed = 0

#############################################
